10000
1
10000
6715
4228
7094
2625
8701
548
2690
5959
6421
8019
5719
7266
2391
4917
5635
4791
6442
2701
17
7786
1018
4404
5855
992
6671
9229
3629
3335
2089
2121
9015
672
7613
8493
4822
7413
738
1489
2763
321
8622
3201
9881
410
5572
5570
1512
8895
893
5487
383
3668
6833
8294
830
9003
3342
1070
9677
3914
8899
734
7033
3795
9535
5505
3651
9906
7718
6432
1428
1594
7899
1807
5672
4506
3060
8392
9416
900
7935
6298
2436
2586
8235
3002
5226
1082
2454
7748
3706
3408
1519
2049
8743
215
1774
4719
9594
5389
2909
4539
9510
5007
4423
6294
3179
7656
2310
7751
3906
5926
4347
6685
9959
4011
4941
2345
2480
6357
3397
1043
6887
7206
2271
2297
9835
3497
5685
3701
3823
5202
3287
8539
9031
9403
8941
266
4831
2292
6414
337
8961
590
1330
6947
2456
5545
5800
6503
1371
7652
8700
4008
2093
64
5860
2280
5978
5032
4933
5506
4835
2695
6605
7386
8094
2398
7797
7185
8276
5197
2216
9651
8694
3277
769
770
7334
4518
6406
176
4312
7668
5863
6287
1342
9709
5895
1557
6189
108
7174
7839
6996
7398
7933
9716
7473
4879
6521
4615
5248
2843
6112
6807
7442
9675
4072
5185
2775
990
5584
106
4337
5569
2240
1888
5196
9550
2407
3540
5019
9910
5839
4161
3069
6941
8424
7611
6828
6497
4061
5097
9227
7549
5633
1936
1280
9586
6734
8833
6308
9436
8813
9047
7690
5548
3459
5603
981
6300
5444
1548
504
3595
7405
4980
1575
2933
9786
9422
7559
9298
4444
9750
2557
5950
6554
1635
3100
9897
9391
150
8076
4092
5022
2460
3664
7734
5951
9597
8910
9789
7578
5222
2623
4070
4471
1417
4330
312
1240
2868
1319
1331
5942
7943
3889
2652
3180
7604
7497
4447
3492
2709
1528
6390
4132
7570
1555
9486
6072
6191
8278
12
3567
8058
271
6183
1497
4264
2301
9466
1595
1741
2910
1842
9936
3659
9806
627
2000
9824
3471
6223
3013
5544
9975
2609
5446
1989
6435
5394
7955
1952
619
3251
3486
930
9579
4905
8105
4137
2568
1745
2202
9091
7850
7916
8270
6006
5791
7925
1694
3611
8465
3430
5620
6883
3465
3767
4004
6159
9457
9265
8869
2004
4048
3985
6260
5063
7767
7756
3550
3624
1479
2194
776
7982
3980
5781
2750
9710
2942
7733
4364
6269
7736
8612
1234
6340
1410
7419
2844
5026
9934
650
8307
1254
18
9700
8070
334
8645
1662
1320
3809
1334
3328
4243
6023
6405
1718
4717
5029
4226
2427
6856
50
3896
324
8570
8660
6144
3861
9305
5361
8268
9896
7059
3599
6125
2016
2545
3682
3333
2063
5477
294
4987
7547
8959
3299
8548
9512
115
6344
1857
4930
2459
8022
8428
1215
533
8261
182
3344
9096
8835
5339
5718
7070
7325
5184
3519
8399
1321
3286
6
6156
3298
5089
4718
2683
3862
2331
4245
2742
2767
2009
837
1862
6629
1298
4067
6271
6710
6581
4648
3553
1019
9440
1724
9303
7289
7980
2044
8876
6660
111
1996
9728
1691
2201
4908
8999
1681
7760
2230
3311
3197
8860
1578
7918
5266
7560
1414
1168
5077
1391
3986
4795
3261
788
2726
3144
2789
9251
5462
165
2187
4959
8333
6911
7724
5132
3452
8686
7963
8271
4765
9076
7783
5200
8664
5264
5086
1985
8062
7630
9858
956
5150
8047
2646
2378
5030
2642
2988
9005
9871
5348
9852
7520
1730
1071
6188
3182
7283
7553
8814
2265
3051
7463
7624
8684
1094
1493
3625
9135
7827
6608
2723
2277
3615
9430
6087
6476
3880
6089
2406
8111
9432
1795
6827
2100
978
101
6424
9554
9174
4259
345
9201
3879
1678
6061
8334
9540
4942
5822
4176
4187
5213
3722
7629
4857
6898
2829
5539
7456
1530
1286
9640
4215
6211
9049
9000
4435
699
2206
2354
859
5306
8455
149
5313
9281
8163
3542
690
37
2856
4457
311
8760
531
4819
4221
315
9914
7182
9192
1542
4508
9369
5057
8329
202
2703
7909
2281
5877
9658
247
8887
1779
7741
8811
5066
6892
8009
2554
894
8608
9732
1746
5095
9866
6692
9344
8499
643
508
5827
81
9366
6129
3154
5962
5459
2040
5586
5402
8495
8845
6310
3745
5178
2712
6817
9055
7698
6823
6040
6551
6539
4826
6830
5237
9843
7371
6370
4424
1031
5108
2959
6106
8431
2420
4147
389
613
4235
2109
5825
7755
1256
4724
6745
8630
6567
7517
6720
3584
7704
802
7256
1051
8474
3692
741
566
1875
906
2150
1443
1887
2333
2498
8679
2661
483
2597
1397
3045
994
4442
121
7155
3913
7694
806
6299
4138
1328
2131
3490
2529
6784
3575
5965
3171
9833
3808
3549
5317
2692
1507
2302
9190
4051
9222
9029
5849
7622
5809
2698
2528
2077
53
1083
7102
4079
1103
4628
3707
9736
3768
1565
9073
7067
3094
5158
9845
7055
4128
6966
2214
6777
6713
1533
7994
6212
1624
5468
7365
2038
7884
6981
8387
680
2243
8638
8150
4109
8355
2484
3453
9583
2325
7911
5619
4193
3614
8646
2689
3923
9219
4516
3258
1395
817
6733
9177
3893
5515
5661
9120
1656
9068
3679
6391
7154
6722
4182
4054
4448
3007
7178
6561
1244
8889
5471
7421
2276
5408
3775
9304
221
2275
9236
7654
8850
9100
1170
8463
3386
8865
6949
3846
6489
5923
6324
6477
600
47
816
5290
3848
2827
8286
4569
6792
4127
291
8990
4577
2526
6994
236
6982
8243
9459
4297
9937
1127
2622
5373
7583
2581
7078
6538
8348
5433
1843
3847
8040
2296
526
9456
4112
8878
3675
7344
7575
253
9367
8837
6694
2592
1845
5012
7855
1416
5819
5938
4300
9514
6531
1521
8295
2691
7037
7841
2899
4779
8718
7937
6838
7311
3613
3715
9782
5751
6985
6030
4816
4063
5547
8082
4355
126
8164
7727
6750
7329
5623
4631
7638
5227
186
6946
5696
2495
2251
5312
6234
8446
9247
4989
8010
1302
8437
8240
5691
639
7226
4391
3495
8015
6656
6640
7198
919
7519
7676
3081
2234
3491
2217
7672
3338
3505
3498
8802
5208
4346
4274
9558
595
8827
9231
1322
8476
4605
2134
9509
2439
9814
1087
1609
6098
8212
7257
8704
3053
2934
6147
7722
3190
657
9297
1013
8619
3580
7305
5396
5111
8120
4901
4984
8563
929
5276
4712
7281
4993
855
2161
3267
5609
2559
1790
8352
6964
5986
8916
5021
3790
1789
5735
7203
2220
3554
4840
7972
9541
1287
2472
2658
771
6252
9667
2429
2145
4736
637
6181
5245
7896
1520
1780
9892
5861
7865
2796
8779
2447
4318
3047
8359
5204
6039
3037
8972
8372
3463
6811
4529
3998
4613
914
2250
5128
4566
8166
8680
7929
7111
4929
9363
7592
7269
7928
1971
6302
4538
6292
1293
6387
1039
1975
1567
5864
1806
8379
1433
9270
8917
4774
4833
3977
2906
1259
196
2657
1619
9500
2746
1639
9699
7926
4409
8020
4453
7804
2951
867
8596
9276
1112
3733
5537
2279
6625
2519
9615
4153
2285
794
1442
991
5232
141
7823
925
5759
1407
5454
6097
1374
2714
7309
2903
4809
3834
9798
9208
6382
1471
90
1294
4855
2729
6511
147
9682
7474
712
4467
5843
7121
71
1033
4277
8625
5878
7181
9604
7824
4026
2419
1853
3752
7603
7719
5535
9282
5015
3238
234
8128
171
23
645
7670
2907
5566
5676
1190
4512
5155
5499
7961
7412
7352
9093
3355
8642
3601
1652
6726
2800
2967
4190
1279
9927
1448
7793
8604
9054
5732
8993
9855
1464
4660
5411
2984
8703
5483
8407
6496
7362
7697
5275
1744
8998
105
2376
2818
3627
5350
8973
4732
4764
6347
4643
8123
175
8618
5082
2953
2604
1772
110
1797
2730
8361
4279
6196
5934
636
4726
1991
4183
6723
4983
946
887
2884
7346
6681
6687
6316
2344
8657
4100
6396
6224
670
6683
4007
8291
6102
3838
922
1826
5489
9187
8487
1352
2791
8485
3888
3133
4590
7917
3739
136
8633
1554
1693
7585
6834
7172
8720
151
2491
8816
598
2222
593
6873
2840
2476
724
5261
8620
157
8099
849
8836
5114
9291
9361
1451
4224
8678
8284
4351
9033
5024
9379
8613
5995
437
2892
5157
6974
5131
4671
6066
3741
6542
707
1415
3405
1909
2777
3532
2638
2415
9754
2356
3576
336
1281
8135
5058
231
7029
8222
1482
4842
5695
9323
1939
241
5113
3336
9676
4497
237
7616
4386
4178
2873
384
3102
8301
5630
4720
7512
6748
7430
9155
5215
2008
4849
9857
4814
8204
6730
1734
3138
7662
4974
1708
7912
1583
7554
9356
9653
8542
958
8191
4152
6227
828
1914
8112
3240
4382
8014
3169
404
3109
917
8960
7448
8919
8600
8901
2060
6821
7422
5945
8849
7845
9412
8702
953
9762
9460
173
9844
9320
5693
7632
2242
3533
6697
3346
2620
3711
4101
222
7021
9846
9242
153
3663
232
3488
795
6639
6400
5047
686
1529
5037
9877
7450
1009
8418
4479
5692
8402
1615
1949
4332
2614
4053
8556
8265
3726
6742
7432
2501
6937
275
5503
9489
9776
5060
5357
4510
3863
4705
1382
3660
3078
9608
2915
1314
9991
9591
4972
8748
8386
2535
6160
2974
7087
3420
9874
206
5133
9341
3788
6915
1769
5180
376
6779
8245
9288
9686
4104
8851
4990
4742
6603
6423
2992
2680
7600
6217
824
8650
7573
6278
9581
4311
5384
4689
6621
9990
3036
8214
3383
5803
6478
2768
1689
1977
1725
9697
9933
431
1284
4703
8282
2042
9001
9669
8177
766
7159
7510
6367
5770
6306
5730
6939
6027
4376
5302
5928
7805
9849
9951
7500
3404
957
4402
5011
6295
5832
155
97
7205
9757
5743
8100
9943
9107
1149
4820
2986
986
2613
9018
1951
7953
3019
8897
5341
2119
7270
6767
9448
2108
5410
4354
2171
758
8741
4769
2713
7940
549
8519
652
9111
8979
363
379
7332
26
9919
834
4241
8274
1763
521
2103
8482
9711
634
3231
8095
7011
7533
9637
8152
3843
4030
3285
2881
3062
365
6257
3276
9645
970
4478
4188
3735
2452
3186
9544
6657
8139
4485
9160
8852
3246
1552
2852
6437
8488
2997
8439
1905
725
15
1027
2846
728
9347
5813
8947
5919
4953
2168
6415
5214
7054
3370
1765
8771
9498
8456
1536
8262
6626
5176
4012
9791
9805
5838
5485
9820
7820
997
1611
6336
559
684
8130
1785
369
9714
2444
3193
8180
3762
3916
8008
2159
6104
6816
8133
2718
522
7825
7186
3562
1289
4023
551
1954
8749
8840
5799
856
2094
6142
4641
3295
6978
8819
3361
6176
4836
960
9946
8283
2231
3376
4363
6769
9907
4762
5147
9060
8140
8030
292
6526
1066
2676
5680
1638
3653
6944
4802
6222
9516
1309
2486
869
6205
6128
322
1597
3194
1846
137
4218
4597
280
1972
129
6774
4523
4119
8039
8037
2509
1782
6646
5365
1007
8805
3778
557
1389
6501
3579
6042
6337
4832
7008
7835
4986
1290
5414
4669
8071
1231
5582
1636
5826
4345
4316
3050
5688
6819
9230
9226
170
354
6047
5397
8279
7581
8900
5769
5252
1946
7596
4583
2115
1810
3136
2737
1726
1249
8362
7030
4794
4770
1393
9368
7158
1911
3150
5430
2898
5929
435
5009
5188
9930
61
6422
9484
9527
2550
180
9481
6001
2780
1326
2716
4565
6201
5254
1096
3777
3517
7764
9908
5259
7487
4075
8038
3350
9842
9127
6782
6510
2338
6378
6752
5815
4753
9557
1182
585
2626
6677
8042
2513
4113
5363
8224
1266
3023
9901
2891
5160
6118
8059
4280
6522
358
3612
7720
9381
3222
6471
6259
4861
9233
8954
5316
6185
3090
6953
1136
7302
3456
5141
7025
4499
7116
2610
6243
177
5006
9983
8377
4891
5119
7932
7572
6736
5873
2334
2244
443
4890
133
3869
6096
8005
852
9085
6906
1130
2428
9629
3966
2553
9399
142
3643
2797
4633
7026
4165
494
9017
2585
7809
574
2814
1131
5234
1618
8196
8530
5937
7012
3924
374
6988
69
3068
8267
2273
1431
4704
1759
8426
2584
436
1543
162
7976
9310
4684
1388
8693
5287
9985
9966
8466
3278
5585
4801
1687
1008
9480
3950
2228
1411
7188
244
1176
42
7263
2471
4473
1387
4181
3626
1986
9211
5519
7778
2696
8699
5295
2304
1786
5654
7875
4875
8471
9475
5758
1409
5354
6793
5984
9577
1100
325
3936
3087
2043
4017
409
1704
5274
399
6826
4691
5892
511
5484
7871
3632
8594
3973
4184
7320
5282
1767
7648
4630
7215
8310
1366
2572
8452
1885
360
1981
5988
3065
9260
6789
2317
7968
1140
8337
1860
1579
9507
836
2561
263
6124
8744
4466
8093
2013
4288
1333
8233
6724
2616
2175
6263
1983
7681
7385
1700
1849
3557
1488
5235
2170
931
4168
7118
228
8614
3564
4838
4220
5016
161
1476
813
5662
1586
8521
9523
1223
1303
1129
9501
6483
6907
2137
7455
913
6285
3320
912
1953
8558
6986
4358
5706
1651
1419
452
3656
7077
7454
8078
5249
6611
8662
5081
2981
982
5105
125
9685
3022
5476
9961
7179
8327
6623
9593
1155
1545
2928
4172
1408
8747
9730
826
5443
6649
160
6010
2010
5154
2963
1534
8173
9051
7170
8032
8415
1457
5469
6609
4368
9266
3954
8086
5044
9355
382
544
2371
1205
3932
7187
850
2409
6268
5195
1133
926
3054
2617
3393
5591
6568
3308
7391
4979
7394
8208
9340
6168
3961
4730
7883
2681
7370
8195
5888
3894
8928
7830
6077
7856
797
8945
58
6690
6462
7732
4564
6698
3669
7064
5406
7493
7826
3365
8974
3770
4678
6180
6513
7146
6553
3446
2719
3279
5450
5269
1347
8091
7623
1146
8179
1876
6622
8535
9723
6070
6507
5987
4617
1699
31
65
3725
3195
623
2492
1706
5753
4356
3970
6928
8496
9129
4571
3610
5112
8332
3187
7542
509
9521
3853
4062
8060
4284
5347
9250
1900
884
7034
1224
626
1561
1894
2734
8299
7866
6888
4073
1345
8728
113
697
2319
7173
8304
5412
568
4254
7644
4793
5564
1770
5356
4748
3163
8311
386
1142
552
8554
2291
9917
8773
8668
7404
1589
1929
3444
7153
4586
8438
4866
9598
782
1906
6216
4658
934
479
9663
3582
4373
2594
5260
524
3434
6500
5565
6323
6356
9547
9571
6248
2834
3442
7322
353
2146
7271
4948
1236
8119
6890
5142
4850
7692
9335
7818
5709
6932
4306
8351
554
7637
6179
3761
3158
2824
3064
4248
1647
3192
1502
9147
519
2502
4360
3666
1753
9832
2314
4446
9569
7537
178
3828
1065
5637
6418
3526
2946
4342
9998
7887
7166
4420
4889
7788
8721
4588
230
550
9769
3716
1979
5792
1036
181
5164
5571
2547
9863
7368
20
4602
4192
7414
2422
52
5956
9389
9610
5755
5498
3628
5998
5876
2320
9209
3131
3951
7208
3729
329
9197
4331
1213
1742
6616
5563
6341
4807
1670
665
9755
1075
8797
7467
5375
9575
5059
4309
4601
3327
4747
1642
9461
5118
9718
9079
2839
3718
8824
3832
497
8389
4862
629
515
8735
9134
1568
4267
9385
8313
3839
1098
4340
1641
5403
1026
757
2037
8479
9358
7211
9418
9585
9088
1902
3963
2053
6680
8525
4303
9008
5614
2673
8874
2047
1695
1158
8992
7787
3817
4229
5309
3652
6388
209
6250
1736
7660
4493
4698
5293
1222
9856
1839
4946
8280
2051
8441
9687
9548
3665
640
5927
8655
7950
1945
8511
8229
6338
9437
6912
9797
870
9944
3844
8847
2560
2110
3583
737
4841
5721
1632
4978
392
6506
5977
3493
9520
7566
8907
3152
2078
7104
7795
9343
5474
3525
5702
7527
3734
3678
899
1062
7610
3513
7431
3699
60
6385
6283
6930
9386
8795
8107
6486
1796
6256
8606
3339
7119
3032
4231
1159
235
8978
2615
8316
555
5915
7145
2982
4968
251
611
268
5100
5985
8808
967
8730
5856
7605
3806
5421
2386
8096
608
303
6288
8194
1835
2209
7036
8502
2518
2764
3070
2600
9836
7706
7376
3619
472
6470
6122
6832
5891
8199
8453
4160
5879
2200
6105
7864
8551
8302
5678
2478
5225
5046
5763
5201
8940
390
2438
9378
5322
9727
6600
4716
5216
4052
6602
4650
972
1056
2128
1768
6035
9525
5004
9763
9652
2790
3322
4740
7708
5127
158
1596
2870
7738
3791
9627
2649
1273
3555
6018
3484
30
3157
1804
7834
7373
7183
9552
1537
2643
9810
7636
2795
3389
1729
2185
3996
9918
2400
8178
5098
3124
671
3835
3368
3605
1673
2836
6963
936
9612
1339
6852
3732
2166
3236
198
5390
4003
8225
362
4234
4223
1959
1270
8027
9616
2196
3563
2451
9788
9997
9026
6036
7895
7095
6393
9988
9441
2637
9301
7465
7035
7816
7137
7190
3537
4292
2878
5914
4078
3209
470
2941
8762
411
7753
1128
2067
5358
1344
8232
6517
9439
7294
3812
6679
8147
298
3975
729
4006
2749
2543
1582
1398
7717
1209
446
4711
5049
1837
6281
3253
3962
9599
6836
577
4314
4675
9968
8567
1157
5039
3011
1938
6563
7074
7877
807
589
1754
3107
7785
1053
7810
2368
7789
5067
7642
6952
7750
6786
560
842
8733
3891
576
4472
6488
6523
4021
4592
6311
9220
2971
4443
8706
9140
8331
3536
8681
3947
2143
212
9712
3313
8432
700
6595
4964
1703
7192
9565
2866
5989
3317
8217
604
488
7000
3541
8587
2833
3825
3198
2071
1151
5715
1172
8938
7149
1435
6319
114
4477
9156
6555
6560
8671
293
8053
9941
3621
4290
4897
9821
6493
1299
8562
124
2189
328
695
5020
4343
2631
2627
2212
5840
4544
3168
539
6225
10000
6993
7439
2162
1166
9920
3296
9032
3496
592
264
572
6771
6473
7919
563
4708
1160
752
3824
7984
8931
456
9702
2717
4728
1511
7142
705
8787
9793
5740
9115
2583
2210
3670
9150
6540
5762
8820
5510
805
6927
8950
5323
2603
1192
9
7200
380
5379
719
6778
6371
2377
4907
5088
4361
8879
1588
9601
4106
8939
8435
4923
3644
5041
4554
2332
5830
793
1788
4353
5716
9770
2715
9759
6612
9168
7147
2141
3266
4349
570
1883
5558
2154
6245
3001
969
3155
6900
2449
6661
1141
6215
6012
3067
2312
1851
9513
9244
5814
9217
3965
9698
5756
8050
2985
4145
490
3363
3248
677
1167
974
5831
5033
4664
9508
4375
2369
3909
4700
7461
847
6131
4155
6787
1591
3747
9683
660
2370
5651
7768
3596
6731
4686
2160
7780
318
2367
1878
1539
2989
8394
2660
9126
9257
9559
2653
72
7284
1547
3851
9176
7471
5644
6265
2532
7550
112
8206
9069
6903
1400
2080
1732
7806
4124
3760
4244
5013
2938
281
6052
7091
9214
4179
1801
9081
996
2770
9890
6279
9614
618
9316
584
6293
9576
5194
7402
7449
5115
8419
9472
9795
5391
625
2363
1092
7100
895
5534
5949
9388
7551
5634
7530
3988
223
6326
7711
4596
9196
2786
8443
5054
7948
1000
1722
2542
1968
5775
9584
6051
257
924
8848
7938
599
6637
7164
2650
4912
7086
302
1715
6059
2493
6552
1404
669
9979
2308
4320
9984
3779
5546
6430
2092
8395
6335
7674
1697
8729
3273
5916
1049
1633
1922
1365
3978
4480
5632
5723
1016
6972
3468
4185
979
2851
7744
2645
2835
1109
3693
9545
1150
4020
1040
5187
3683
1895
977
8277
2263
4102
7552
240
9063
4589
7643
1501
7667
8390
6334
401
5905
427
449
7924
5074
3883
4536
4148
9623
897
2886
1197
9989
2293
455
3800
8846
88
3744
1060
9415
5605
1354
3640
5283
7065
56
5812
4317
2259
5335
9747
8505
1006
5846
1028
7766
9562
9167
7869
1113
6673
9221
4798
3618
505
5338
7401
642
2156
1207
1332
9405
6121
9092
7350
3427
4321
4659
284
8374
9314
1705
2687
1163
9094
7710
9470
5588
4486
8007
3006
8154
4465
9563
1429
1762
4287
3093
4546
2871
3964
3426
1913
2544
6094
8761
6860
7626
2190
4313
8932
7224
6598
6853
716
9493
4668
314
7114
4581
9891
3723
4637
9243
1880
5438
6684
9148
120
4025
5776
1375
9482
4574
1558
1348
1899
6242
5768
8892
3814
9741
5308
8690
673
1310
3911
7482
9202
3849
8682
8823
5464
4150
2500
5163
1896
7492
9882
4484
9383
9668
7625
4823
3895
1245
6965
4090
4938
224
6546
3740
3588
1544
3877
3255
9280
9139
1465
9164
3858
4199
6850
1121
3561
3202
5299
5947
6346
308
3607
9204
6961
2124
1003
1135
9102
7956
6744
3602
7803
5757
2809
1144
3748
9841
5314
5790
7892
7228
8687
1208
4502
1858
3676
5272
8925
2101
6133
4647
8260
3134
2804
8259
167
4760
8713
4189
7601
6559
4394
6674
2266
248
8275
9631
7457
800
9826
6491
7073
647
8341
2050
6402
2506
6304
878
1444
2993
5793
7445
1495
7420
2630
5075
5749
6163
5642
7571
3702
5804
5631
1720
4731
1184
4846
7836
3399
3263
9772
2396
3704
1012
5607
1351
9041
8501
2172
4242
6805
3672
949
747
2945
8778
9995
7858
3438
5324
7998
8153
7486
1038
1080
83
3685
3281
1980
9703
1120
6571
6008
2996
5687
8400
6392
8815
6428
5003
8416
168
4095
3798
1126
3083
277
1749
5848
3450
5648
7060
6662
8272
4024
7217
5099
7608
9312
6658
8518
6353
8125
753
7957
4928
3271
2227
9684
5744
1239
9476
7262
2362
5808
8615
7597
8427
4616
2611
5782
1828
5886
9506
8540
7511
9674
7342
8712
862
7954
5070
5156
4002
6132
3852
2048
606
1602
6924
8534
8617
4217
1854
4462
7143
7513
2589
5355
4521
872
9011
1942
373
9411
3512
8770
5124
5247
6714
4262
6530
9766
4679
2330
3441
7782
9447
730
2570
822
4526
2883
2911
3014
8995
282
4570
6652
283
8494
3413
6761
6854
8203
3398
2802
8709
2849
2035
4625
1941
4036
1325
6404
1787
7521
2914
2733
1243
6140
5509
6688
4415
1291
6095
1671
1516
1645
6844
7886
6757
923
5161
7246
5999
5212
394
1553
6153
3162
6878
1874
3927
5818
7725
8503
8413
947
1313
3199
787
8510
46
200
6763
1612
1285
6455
3489
8545
451
5507
3522
9123
4575
8988
4636
2203
8755
5969
7285
6691
784
7514
7808
5165
7466
3890
7970
3106
6240
3130
1812
3934
1212
1934
6481
1267
1531
2497
5321
2558
4440
6545
6820
4663
944
6549
9859
631
6056
3055
2569
7556
3661
9255
3073
2644
772
174
2267
5746
2779
1311
6839
5392
2875
8141
4519
2343
903
152
8055
9494
5736
4755
7363
5061
4895
3743
525
7254
964
4469
8765
6490
1690
6765
1078
839
388
2740
9451
8549
1546
1867
7415
7951
6383
1088
4475
874
86
6412
2034
1901
9409
9224
2512
1800
1848
5330
218
75
5543
7316
6822
3031
8368
5053
3407
7580
4670
8181
2111
5581
6312
8629
6754
950
8593
4081
2117
8918
7397
2186
1739
1288
1518
301
33
4936
1118
8104
1944
3303
2199
245
4134
5138
7691
7952
8991
8853
4924
2590
8628
371
274
1420
3717
5638
1659
9262
4880
3451
6067
6665
7369
1455
9179
3578
9830
7628
1379
474
4426
8602
7851
8839
8914
2323
5425
9023
9458
8677
3310
3137
7032
4107
3349
7426
2781
3348
3648
4788
4121
1927
9899
1002
9976
5256
8157
428
6007
6601
3933
2900
5352
477
2129
1832
4056
9673
7664
9278
4661
8401
4429
8935
8885
8908
317
1485
9921
6296
8672
8228
4624
8077
1864
7713
1866
1524
726
8942
8880
7120
1057
4282
4044
1580
2180
3700
7380
607
2059
4887
5102
3139
6541
4741
4196
3244
5035
9748
2769
7888
3402
7634
8856
3474
9999
4745
304
1916
5027
8136
8461
3590
8346
6019
307
8114
5955
1984
7377
8786
7821
7594
9467
7293
5720
5528
8266
1355
7577
1148
556
5925
8527
6054
3581
6458
4562
5627
6213
2116
8796
7781
6394
8639
1089
9342
9680
6795
5516
5116
6318
8440
2136
7941
4654
6654
2224
6410
3654
1117
4629
172
833
860
2022
4058
4652
547
8004
4050
2174
8882
9119
5796
1884
6841
3372
2467
4858
9822
3928
3958
8859
7416
4533
6079
7944
2350
2514
535
8197
359
5976
851
6408
6803
8568
8727
4272
309
9753
3159
9016
6485
4606
8239
4919
4950
5508
485
3206
5712
3234
1203
3345
8862
1161
3507
8207
5920
9290
4680
6740
8417
169
1424
2018
9333
1818
4729
6327
3435
4757
2571
6837
6444
5536
2685
7946
2817
2724
6065
7248
4694
5296
445
5801
3431
3122
4655
1550
2403
3043
8468
6291
5465
4899
5686
3123
4283
3786
2574
743
1698
710
7361
3039
2191
8986
4019
7862
4975
2473
1283
5871
8742
6509
7863
537
8171
9435
1990
2679
7336
4
8378
5062
5604
3671
760
3840
8322
4611
8490
7747
8987
9062
2152
5255
8026
7151
344
36
1574
2316
9784
5318
9903
3480
2337
5346
7339
3213
6209
3156
5869
7220
4116
692
385
4265
1337
3077
5043
9417
1385
1084
4935
8943
9374
3470
4064
1206
9879
6721
9311
1855
6899
6078
8425
5271
3836
4038
27
2932
45
5795
8450
1439
7150
4541
6556
858
5241
3008
286
7743
2897
8809
873
2054
8398
6877
7927
7971
6933
6127
1175
4397
8016
7469
2104
4087
6146
1664
7052
6876
4319
614
9898
8159
9773
9749
6529
439
7308
1515
4607
9346
7201
2424
9407
9862
8116
4548
1856
1965
818
9994
2527
1394
9293
7303
7031
145
2732
9904
9539
1498
2552
3015
5596
5253
4758
5733
1323
457
4494
3999
1412
225
8576
9193
7678
7772
6772
6644
104
3979
601
1453
7255
7098
7872
3049
6700
7433
8571
9350
3467
3538
3756
3085
77
5810
1541
661
8281
6706
403
4943
4417
8110
2651
7237
5473
4483
4407
8489
2248
9970
6862
4962
3483
4768
5371
3381
3708
6747
6203
4707
2
5698
2999
7539
6351
8716
5890
9452
6113
91
1225
6379
2474
5922
5754
8621
6590
4013
1640
1459
6512
6824
9957
5668
9931
2468
4911
1292
127
7297
7411
6005
7923
4977
2218
4271
6436
6438
1915
2669
1816
8360
2745
9136
335
5671
6614
6009
7540
3535
7001
9321
5541
3096
4047
8784
6670
2838
6350
9271
4498
5056
7101
1646
7353
6770
5223
9284
5683
3319
1904
6676
2494
9354
413
9180
3461
9992
4214
1156
8674
7739
649
6397
7693
7745
8927
5522
1253
8079
8509
5694
6544
2342
7395
7233
4436
1643
9113
2405
6776
663
9408
7458
8804
3204
2785
7898
2751
4372
2894
1042
2167
9613
5492
6583
2850
9259
7022
6533
2031
1962
7754
6650
3455
9365
3120
8975
955
561
732
1086
3004
8790
7814
1460
1405
6859
5320
6729
9175
6457
9462
4122
2549
7180
720
3059
9185
395
8187
6589
285
1926
2012
4723
9495
6091
3960
8734
1188
1263
7900
3780
5134
821
4537
4995
9932
8497
8929
5807
5555
7272
8834
8353
5961
7429
2578
3499
8967
6150
5292
8006
6447
9172
3548
4281
5376
909
3447
4927
1104
8971
5550
8031
5398
5833
8970
9660
5386
8080
1831
3385
2437
6309
323
5556
2105
8056
3472
9900
4967
785
3113
74
2978
6842
4999
8843
9294
2684
3185
5288
4945
5238
1480
9162
7225
5936
1282
8201
9794
6518
5660
3028
8292
2579
2699
8962
3257
9639
4328
541
9112
5729
6613
6244
8442
2913
9986
3056
4198
6233
3559
6889
8533
6574
4293
3044
4143
5615
1162
514
9742
6524
1413
2418
3174
1181
9735
85
5218
1755
9522
7794
2069
6373
3315
330
355
2410
7832
3384
482
9277
659
99
7002
9103
866
4587
3269
9035
8555
2987
1549
7526
6886
871
4579
4140
768
3306
3226
103
8738
3587
1023
2021
8339
5482
8303
199
3608
24
1367
3394
7258
6057
2095
864
2845
14
2806
3907
6315
3475
2510
1750
1756
7326
9159
3623
4162
4752
8335
6768
2958
742
8877
8285
130
356
6041
4260
5727
5329
3464
9253
2355
4771
4222
4385
4077
6320
4105
9815
2874
7367
5440
102
4685
7905
1819
1743
6804
3510
8640
5073
9364
6229
7986
260
3027
733
2621
6013
6254
8210
4870
4246
6157
8740
1364
4411
8250
8220
5209
6557
1861
5887
3220
5416
8145
2969
1329
1230
6708
3309
4451
2784
6277
5639
5203
8557
3938
6103
3649
2591
8385
4944
4939
8134
4821
4542
4393
8768
6465
4966
6152
8036
2628
9978
3462
7798
7360
6532
7351
8098
243
6272
7062
5481
6565
6973
3688
5028
4847
4069
1686
9144
8636
9502
1711
6461
3181
8422
777
6275
8634
2935
1499
4240
2991
7093
4399
6141
9530
5909
3620
8946
2738
4171
5279
4367
6727
3132
3993
6426
5847
5417
5050
3771
6448
3728
5798
9707
9876
3546
8486
1180
2872
7702
9427
4746
7003
1556
4268
6022
2002
2540
7666
7606
694
8252
9860
4958
1960
7425
1119
3105
1714
8444
6741
9121
378
5750
5496
4167
727
2917
7218
1378
7516
6812
1814
5963
4914
2564
166
7936
5076
6648
1110
7399
4350
2192
9717
6987
6942
4609
9818
2947
1573
3785
4339
8305
3565
6480
262
3242
3885
6764
9256
2122
4843
8685
778
8046
6693
9396
7242
8421
1396
9095
2901
7531
3773
2113
9097
9105
7502
331
4623
3151
3329
823
8586
3233
804
9352
5677
4197
93
6206
781
7590
8491
3531
1312
9272
1733
3272
4460
8806
968
154
8911
3024
8122
5666
7382
7723
5174
9279
5881
5728
6425
4080
9130
6901
2007
9090
9811
7304
7379
5578
7567
9289
6585
3641
3289
8257
4568
4598
4527
4572
4739
1684
3101
3606
7679
6289
2286
5824
6045
2923
100
5
3547
2229
5445
7144
6766
6669
2318
300
5665
1526
6979
9454
4681
3633
6355
865
6169
4618
7749
258
9086
8338
2431
214
1177
7762
2566
4488
6929
364
3172
1228
429
6044
3146
7528
4785
5724
1058
3810
7703
1988
1450
3942
4777
6703
3943
883
1584
9182
458
4509
7265
6086
3796
2173
6743
5655
2025
8459
7132
1247
7799
2099
2924
2761
4913
1449
4871
1438
6909
1454
1604
9940
7048
885
9359
5331
1510
8561
6028
877
3758
5626
4697
3418
3265
9926
6484
9909
2739
3003
4851
4365
343
3382
396
1850
4273
35
98
4940
9246
4530
7184
8409
7712
648
2278
6050
1538
9170
2531
9765
7345
8373
7260
6891
4103
6469
9146
1570
6381
7868
3502
3035
481
4873
4108
6025
4434
6427
5325
7355
4550
4159
7138
6081
8049
9273
1865
4250
7779
4845
6231
1923
191
3589
3981
4738
430
6333
5533
252
4612
6627
3183
1581
9962
8985
7876
89
6419
8949
701
4922
2158
962
3371
9779
5435
2448
1924
9578
3646
7544
8247
8857
2245
9973
5990
7041
754
5239
9267
1844
5121
1361
4557
6705
1356
370
2702
5025
8068
2792
8605
4395
2446
8448
5367
7063
2056
2654
9413
2470
2803
9996
4276
9517
2068
2017
5017
6910
838
9078
3573
3318
8894
9317
2453
7435
7598
4844
4695
5641
3727
1571
2720
2793
2956
4129
1470
9635
6534
7321
366
7969
3902
189
8575
9045
7769
4828
4792
5206
7468
2489
6241
5349
3071
6666
9426
7838
6165
2416
8264
6619
2064
2388
4438
7337
1871
63
6339
3635
792
952
1085
4735
2283
9318
7631
2605
8611
6021
5427
2380
1621
8035
5904
1073
5148
583
6360
9955
4915
7811
1957
2294
5159
5872
2765
8644
2326
5670
2442
8160
3560
7126
9189
3856
7014
8776
4585
9142
880
4032
2024
4398
2264
499
4261
265
4016
5747
8708
646
2821
5175
2389
4872
7564
2499
4594
1483
536
8144
1189
799
8884
3212
184
7092
4275
4600
1735
4619
4357
3686
9057
8875
3121
3772
1532
4556
3539
8101
7393
2929
9872
7105
5423
4839
5874
2576
7013
8905
2759
4825
5420
5078
2373
2463
658
898
7310
7447
1193
2365
3516
5946
2530
2019
9893
1958
4076
1139
8054
9792
6983
55
7515
4971
9518
6232
3695
8383
5457
348
3099
9524
416
8957
5162
7659
4874
4476
4543
9149
2516
4558
7354
3684
9345
2215
1997
8831
4126
9485
3991
2413
3908
3218
5802
1069
3647
405
1077
6527
4900
5624
587
6297
764
8996
2041
6515
4559
5198
9929
4097
118
2163
1572
4333
8870
4392
1461
7280
8138
7696
9087
5636
6330
8404
6099
1999
3114
2253
7079
7579
4808
1967
9938
5717
3387
2188
8585
8326
4783
8829
8325
9848
532
2504
819
9042
7347
4400
3175
8143
9406
6463
7965
8469
2139
7893
8893
9600
9636
6893
8777
2236
756
4125
2358
9056
7406
8380
6922
6399
8984
954
9641
8888
8498
7897
1970
7960
1107
6995
7990
5219
512
1821
5930
9807
2357
7618
9515
8186
4803
9873
3892
4305
4225
5183
5281
1014
5018
4540
9800
1050
5531
2135
3110
6053
798
8052
6576
4947
1696
3111
612
5711
610
6592
6633
5372
67
7261
6717
801
1114
9939
4514
2120
7977
194
5870
422
2927
68
7222
3379
7934
5048
7840
9536
5944
1587
2905
3530
9537
9573
2165
1886
2972
1125
5385
5436
4830
4878
7873
5940
7847
4580
8659
59
9692
5149
7007
2961
5055
6645
5911
2826
5171
995
6587
9419
5597
9154
2647
3915
8817
622
3264
1242
491
9695
5480
6990
9322
8269
9499
4744
638
1504
5823
6615
6869
4973
8085
350
5562
6597
1522
5851
4029
890
5907
4219
1648
9263
9329
6707
5333
8794
290
4202
6578
2290
9633
4396
9232
8800
1925
9922
7815
3141
7199
3807
6286
7042
3905
3667
4553
6204
5267
3855
8781
7684
9098
1727
523
9649
6267
4994
8478
4653
9503
9059
9963
7176
6980
2303
7437
2219
6439
6925
4902
3645
5294
6813
651
3830
744
9216
7999
9974
7096
9643
8822
1048
349
1792
4954
9837
1650
7131
204
939
4885
1308
8752
2011
7438
4632
5857
2123
2033
3755
9353
9053
3252
7848
2828
6672
4263
8924
1169
7066
5835
3940
6580
5532
8631
567
6667
9157
4662
6762
2960
2226
9889
5246
2950
2805
2686
5240
9630
193
3691
3731
9137
9803
9854
5079
4166
7740
9125
5036
7390
5852
3378
9839
7009
9371
2670
2402
2039
8653
841
7245
4207
4001
7524
9007
5278
6874
1377
4549
2066
7731
4667
2014
6902
3681
6858
5005
8161
6208
6111
2003
8886
3630
9823
7505
7842
8314
4713
2079
761
2148
4882
8231
2798
3617
9397
8142
9733
3593
4687
7784
1358
2254
3352
3428
4567
9519
3061
1232
1218
7210
1418
8227
7301
1277
1359
8610
889
3016
9945
116
9587
7019
2887
8825
4065
8577
7335
4141
1682
9916
1248
5896
6166
4722
8343
338
5463
1661
1138
2841
2052
8445
7349
6037
6226
4725
5538
8148
2854
4136
7423
8826
1237
5912
8711
4123
7038
9483
4334
579
6884
3784
3143
3325
3416
2879
9952
2288
4086
4852
3274
2360
3245
2274
507
44
2461
6359
4266
3207
8230
3673
9582
3082
616
2853
2298
6175
7241
6732
1794
1446
2667
1021
3982
7356
3742
6815
2920
2812
8635
2097
9188
8801
8132
7494
9474
1610
1897
7801
2270
9064
3992
464
5783
4096
66
9568
8691
3783
9392
7735
7110
5437
8298
8064
9589
7075
656
5885
9706
7545
1272
9704
3504
8580
5899
7714
8083
2349
7498
2487
7340
3987
9551
7857
1995
965
5173
5517
7122
5263
6116
3746
6519
9404
8253
444
242
8965
2375
7535
9428
5643
3256
332
8323
1360
8758
2538
1079
1466
8423
4296
8357
5975
1600
4992
7292
920
8246
9861
4042
4584
668
7295
6464
5168
748
5854
7576
5612
3018
10
1210
1111
9390
8854
9030
4665
662
406
1847
7193
256
2608
3918
6138
1620
4563
7015
4949
9694
7287
6173
8025
438
9395
6409
6154
1601
5952
5779
2505
4982
3357
811
8769
2700
4773
9847
7282
220
5841
1692
6866
6193
9925
8391
7175
633
4932
9043
9533
28
4734
4676
8061
8405
5439
3247
9734
7709
2902
1825
1808
6197
2147
219
8411
8881
9691
8669
3229
210
8696
6737
7403
9923
3347
6689
1196
1717
4324
4645
6861
3534
2587
8043
1381
289
4285
8121
904
4120
2754
4380
8665
5224
7633
5842
5401
4854
8759
5304
9434
9646
580
2629
7313
7475
4505
863
9207
6970
7509
2760
3585
3922
5340
8745
4233
1246
6280
8578
40
8966
8089
803
6075
7499
9574
2537
5023
4634
911
3086
9072
2876
5399
2313
2005
217
6998
8810
4715
3373
3307
4504
4431
1655
4099
5699
7775
1178
6363
8072
1868
8547
5953
3259
1731
8513
9570
453
2311
8234
5051
9464
9834
2256
9025
6864
5380
8982
1500
5979
3545
7156
3358
5867
7139
7274
3084
7251
905
9659
9626
5829
2255
9980
3819
2665
2707
3323
8075
9382
3
605
3167
5734
3128
484
5289
8933
7195
6798
5466
6855
461
5110
1469
4253
9875
6307
5862
3764
4981
8388
1628
5649
3429
685
7870
7947
2026
3995
2327
2705
3116
7234
5739
1625
8065
6080
9465
5040
1241
4156
2433
5228
8029
4627
5554
8345
1490
6845
3243
2030
7837
1713
7792
7525
4195
8872
591
2944
8841
7381
273
4194
2507
762
6384
3254
1064
8472
9729
8256
1384
367
2706
2114
2640
3757
3260
2602
4027
5270
4759
7148
3662
8791
5107
3759
9964
1907
9853
7861
400
6088
5579
5943
7949
7771
7890
8403
11
2983
6620
6547
5561
2776
7239
3324
4906
2888
375
7995
9258
5684
6814
786
2842
9400
8692
3552
3574
6329
381
5593
2731
4894
1863
4487
3170
9101
5065
3598
4482
6468
3569
1030
9726
9083
9296
7607
4390
8695
1132
5080
5590
3485
8601
9165
6446
9950
7244
3637
3476
2976
5577
2634
3095
7247
2635
8648
9865
4252
3904
8670
5094
8381
6187
4775
2743
2207
6936
4644
7141
1540
1752
5521
886
3657
3135
2085
8871
1935
2364
2252
2127
2877
6429
808
250
9534
9128
1463
2580
5453
2596
471
2522
3730
1982
6573
9173
316
1738
450
7333
8552
1134
9471
5342
6093
9771
9306
1685
8146
4877
7534
517
3967
5669
6780
1052
3219
5364
6328
7171
4403
2432
9588
7602
8944
7112
6274
715
1274
7867
2808
3230
5491
2697
1688
7774
5983
8021
4591
1235
3421
2536
1472
5126
1376
6083
6413
1179
3125
7854
8238
3753
70
5713
2575
3820
4692
845
2262
7177
7023
8763
4463
4412
3270
3997
6599
7040
4996
6956
5211
6664
9942
1992
543
4896
5393
270
7997
1793
6016
6520
9679
1964
2372
4918
7189
8344
6849
3075
8980
8689
6170
1143
3818
9009
3009
6863
5576
2822
985
4439
854
459
1606
1061
7614
4249
840
7236
993
1514
6631
8069
9319
927
3529
2546
6951
875
9487
6321
6186
609
9181
7908
5366
8237
5382
6682
5490
5982
3941
8293
7378
4191
5924
4853
5301
340
6262
6840
7538
5656
6020
9138
9118
7331
8508
2990
528
6123
5497
4040
2346
5262
3570
1458
2607
4837
8170
1677
9373
467
2885
8370
7388
418
7891
9760
7874
5291
4405
9564
9739
2179
9696
4310
8756
3112
6610
5602
3799
5704
4797
3631
4370
4295
6636
6916
6577
8451
7488
7288
1912
3714
3330
79
4474
475
4963
9993
6848
357
3831
1477
3422
8397
9828
4957
7167
8739
4157
5351
3458
6261
7290
2144
1421
4236
2949
8183
3859
1679
7983
1947
3948
9924
327
3301
3972
7907
3600
299
5451
9705
5738
34
6950
5460
2662
9624
3551
4898
2397
501
5752
959
2387
9473
6440
2675
691
5186
6606
940
8553
1955
6365
5991
2208
7221
4501
6775
3925
7945
8896
3403
7194
4144
8480
8429
433
6420
7973
9603
4009
3919
4175
763
2668
296
9511
9775
3827
503
6801
6566
9022
4227
8983
279
4325
7879
7557
1478
1430
9014
4806
2383
6276
6618
5771
987
6913
9050
2384
693
1723
2465
4041
3969
3939
87
6092
7434
2922
7673
5710
5478
8597
3034
5540
8714
4778
3523
1255
6954
3457
297
267
4209
3898
1657
4500
2977
9657
8073
5488
3115
2443
2261
4326
3881
3359
8
6508
8544
6120
6641
38
2381
2867
5575
7407
5285
2379
4714
2973
6516
7080
8861
8915
7532
1024
1890
1777
489
2565
7348
4384
6655
6957
7993
4524
9186
5981
3241
1710
2688
9895
1963
7328
3449
4059
7428
9488
8384
8349
8920
3794
1630
8124
5418
3805
1943
3173
3149
6678
6843
5064
3857
4812
3129
1973
9084
7219
1496
7885
2727
6158
7212
5652
6411
937
5493
2496
3127
7392
7729
2223
5010
2392
6594
9027
6134
9067
8581
2534
8588
4413
4200
7441
5511
4146
5681
2029
3326
9332
8290
908
1097
9254
820
9737
123
6451
9690
1059
1041
4377
1737
4997
5332
8792
3367
5906
7807
3377
835
5169
2511
3705
2889
7375
4804
5388
5475
4186
1211
4455
9602
6332
3721
9880
581
6456
1680
3622
9302
2098
6760
8913
9450
3153
983
8565
5748
8477
7485
7364
7661
426
4135
8192
6968
8033
1010
4756
8162
4378
13
6624
1275
5442
1214
3351
597
7267
2980
4251
3239
5434
5628
5772
3262
9106
2408
8598
9429
6454
9634
9116
2399
8088
4582
9337
5834
6548
6218
8891
5968
500
4430
6264
2864
6459
7250
213
896
3886
1093
3108
2046
8772
310
1593
5034
9024
6895
1216
8382
3436
39
2567
7685
8981
3203
506
1608
5337
7759
8688
5817
3616
5608
7049
654
1269
8583
2184
9292
5265
681
5574
3297
8591
3781
9505
2908
3655
6317
9393
9158
3227
7641
1838
5117
6358
7817
5866
8090
943
8528
6896
2525
2678
7894
5675
3544
211
1590
2107
9878
2087
4341
901
7716
8764
3147
615
3520
2832
2361
3815
288
9339
5087
3237
3191
3369
3038
8288
2704
2441
7018
5797
7341
6219
2508
8663
2766
5935
5504
8516
62
4763
4818
486
8507
8366
2411
1776
8106
9171
2475
3304
7906
4149
9743
8520
8524
2455
6014
5031
3776
9362
3897
7453
5125
5456
7028
2633
5903
3751
5422
9648
1091
7569
5589
9617
7383
5664
6024
3860
4255
8193
8263
736
8149
7587
9200
9644
9357
4035
5659
6499
5135
7082
7004
6867
7931
7140
3509
1468
846
1937
2001
7843
7358
8375
5236
8647
1576
8658
6663
7117
1315
848
3356
3080
2457
6894
2329
8754
4452
8371
1566
9947
1191
5472
2970
2664
1462
5326
8873
6467
6735
6082
2028
5559
7134
5992
2918
6550
6739
131
246
3401
9790
9781
6108
2083
2458
6235
465
9777
5000
4458
6525
3040
5242
4961
8637
2710
4379
5595
8464
1585
1654
5592
1486
1893
3990
5610
2353
1666
6301
6938
7169
5513
9956
5682
3478
5767
3391
3437
9275
5788
3208
5072
3117
6349
9218
4551
9360
8376
2153
2246
5084
966
6908
7444
1966
6773
9758
8211
8641
5181
5400
1631
95
1577
3415
9819
4133
7452
571
9080
2352
1336
4057
6797
4419
7758
6214
6200
6728
9693
2182
831
5455
8599
8948
2782
9421
3867
1940
1634
7904
352
9237
4206
1063
6880
9621
8715
6588
7651
2823
6348
8595
3826
2045
3719
9953
7230
3609
7914
7069
9971
538
2939
2414
2588
1445
2747
4640
1802
2249
5737
3878
4970
8504
1035
2619
6101
8550
6258
8757
1987
1045
6528
4269
3789
2324
5327
7076
2348
3314
7046
6562
2994
5939
7860
5865
6221
3597
8118
3282
5109
3288
6032
7802
4682
4031
6818
4091
6352
463
7278
43
635
1306
4388
9840
6011
2435
4951
5319
6788
496
5894
8330
2164
5205
9002
1751
8221
3375
4258
495
9764
6969
1487
7090
4322
7996
6870
9048
2140
1251
3079
4461
320
5658
8484
2837
8573
7424
7330
4603
853
1068
4005
1015
2606
7650
2758
9326
7819
3765
1653
3875
4910
1879
8930
8213
6110
6195
4699
9606
2830
1338
6172
6808
4445
8003
6712
703
8393
7273
9721
2955
2417
7056
8624
945
4307
7609
5689
4789
2479
8017
3703
2916
4408
9722
8546
6194
6135
1494
3994
2521
9283
2674
3793
9006
4916
6810
6783
3103
722
2968
1509
9768
9234
5069
8354
8002
1456
2965
7588
4688
6474
2858
2295
6586
3709
8209
2756
4937
8564
1200
7707
2020
3568
9287
8000
9245
8832
8051
3873
7409
9867
4776
2138
3048
9632
2693
32
4604
751
3161
5495
1919
3409
5549
2237
1363
5948
4960
4952
5859
7796
5542
6064
7476
5844
5151
4649
6149
2393
7464
7612
7359
6487
3074
7446
7831
3089
4291
9410
4805
1560
3946
7985
9752
7930
7705
2919
4204
6238
8821
4470
4666
2663
269
2382
7083
5690
6031
9592
1712
7675
9431
5858
9052
8306
3787
9184
454
6026
4547
1823
5424
7763
2359
8092
6069
9109
8363
4626
7501
5960
3821
9424
7558
6220
6230
1841
7160
9453
6959
339
2169
5251
6638
2539
620
2268
2305
1527
9948
2247
7757
6955
8719
6247
6029
5883
7327
3952
6038
9804
1719
2893
6210
1034
8705
1994
4781
1827
6543
5042
7700
9556
5971
921
1
408
1441
8667
1932
7259
7235
6738
9442
4164
8726
7053
492
630
9132
3305
5167
2347
9567
2315
8532
4511
6919
2753
3868
3058
7408
9444
1676
4787
5974
708
6479
6984
3165
8251
6380
5192
7291
2957
6431
2636
2725
8774
5501
7214
4115
119
596
8320
5130
6443
575
3792
1672
4449
2091
1173
5315
1252
1603
516
2057
6579
5784
1137
8137
1508
5368
6495
3411
6651
6290
7682
9213
4651
9638
3690
7563
6607
2523
2412
2258
5900
791
3871
8789
4610
9020
1217
5090
9036
7107
5514
3300
9546
1020
8255
4387
7470
1399
4656
5722
3763
3184
4884
8906
8574
1707
8155
7462
9831
6117
9241
3211
6502
6049
5714
6417
346
3974
139
4212
4238
9620
1072
498
8968
7312
814
9625
7451
7989
2948
2073
132
4737
1316
2027
1817
4201
4344
7400
6991
4045
2198
6865
2672
3005
7901
2481
1882
9894
5811
4985
4093
9553
4710
7646
7981
7828
8462
9143
5616
2096
7483
6174
440
4270
6701
915
9746
8367
441
51
7099
5303
6921
7536
4534
6033
6148
3029
6126
1220
4817
2966
6989
7506
493
3930
3390
8113
2118
5146
7006
2440
6401
1976
6345
9438
6943
586
7921
7562
3341
9131
1406
1667
5122
2232
9982
3223
9058
5137
6591
2081
6718
417
2752
2940
2450
4441
6668
9402
6460
423
415
3063
4278
2423
7773
7568
7135
7620
8410
1760
6935
5777
1108
4083
1747
1969
4362
9061
9688
2801
5286
3290
84
9887
1373
5787
2155
3937
4015
5551
1004
7231
844
9203
3066
7010
6137
9074
5486
5836
7243
6377
1300
2106
8649
4427
2385
9628
3189
9108
8584
22
9561
8430
9829
5008
667
4931
6498
9864
1099
92
1402
6015
1401
3294
4766
5297
4528
9377
2289
2149
9019
3343
9740
2213
4998
7162
735
9012
1171
7061
1605
1627
2921
5786
5932
8396
1278
9656
1535
4039
1341
8707
7657
5774
5300
6136
3674
4089
4639
7978
582
5395
4903
5741
8172
7565
7844
9046
1950
6284
5140
1335
8198
2810
1145
6034
8169
8066
8067
5258
8297
8921
4754
8675
7967
9647
9825
201
8342
1764
122
530
602
5653
8406
3506
4049
7829
546
6596
4848
393
9744
1898
4348
3689
1076
5573
3712
9420
2076
4690
9166
3750
2133
5172
4211
7024
5448
6003
3196
9269
2860
6266
8176
7752
8273
9912
54
1081
2366
7481
5233
9884
1830
1340
617
4782
789
2300
6249
3041
6253
3104
3228
4422
2482
3521
8492
2618
2748
412
8838
1637
143
333
5001
3494
9443
9331
2722
6472
6246
750
6582
4750
7504
2466
8315
4535
2112
3884
9869
7418
3030
7699
6628
8724
8454
7582
6992
529
2132
8216
5917
5700
2599
588
7
9324
9504
4969
5182
8607
9778
1525
8436
1675
2783
9816
487
8041
9812
1165
8312
7314
8319
9349
721
3275
402
8723
3423
4810
8656
5220
9902
8651
9761
6885
5377
3020
4796
5359
4410
6759
5250
3882
780
3887
8717
391
5760
3833
9239
4257
2937
8188
2744
1372
1095
1822
1105
21
2771
4117
6372
2863
918
9886
5973
4338
5646
5449
8997
1473
7853
4638
7319
2954
6130
2773
9021
9235
5470
2390
9670
9295
3395
2211
9110
4082
5980
16
128
5645
2205
4956
9731
9497
1859
4163
6171
7043
2339
951
1892
1037
6635
6466
462
8673
9152
1815
796
3769
3396
9398
1090
8976
3217
5343
249
6192
4068
478
8683
7343
8868
1623
6709
4401
4772
4859
9774
4976
5552
7615
4955
1773
7427
1933
7479
9205
4813
2595
5650
2563
9542
4709
5085
9496
76
3479
3210
3527
3842
5880
6114
8336
3033
7020
8514
3140
1721
2072
326
2811
7920
6395
7460
5954
7317
3713
5957
7640
5334
7991
3316
773
1152
2395
5941
7770
1669
9949
2555
5966
8013
8158
9532
8890
3473
8926
8034
5177
5726
6806
7123
3046
520
5153
3010
1617
9223
9642
9274
7833
5467
5647
1562
140
8923
6593
7680
9328
578
5091
9960
1304
4515
6962
5908
790
5298
3801
8536
534
473
3813
4561
9401
8751
3945
159
2895
975
1276
779
7859
9756
6809
4414
295
4886
1803
1452
8855
5189
9868
5104
6918
3250
6084
6847
9075
7721
4893
6971
8190
8249
4308
2503
3983
5370
9490
3119
6398
4369
8858
6632
7846
6362
3448
9965
565
1106
9724
5625
7196
2998
6948
4496
3528
6178
6494
4522
6305
4230
1559
3864
8483
9851
4088
5092
5557
2462
518
9531
1918
163
9384
739
564
7106
9787
7958
5106
6749
9423
3477
8955
8526
9572
5601
6313
3366
6999
261
287
8590
6675
2926
6074
1993
815
1506
3092
7084
9543
7264
239
4863
1268
8866
3374
146
9038
7746
8767
998
8044
5893
9491
6753
709
9380
8812
6923
9715
9313
8200
9099
4142
1877
8365
4286
1174
1748
1517
4110
2952
2197
4154
9300
9526
49
9338
7776
5764
1346
164
7286
3176
5429
2682
3737
4517
9911
3334
1199
6920
8934
6002
9672
8951
6756
1368
1869
2694
5101
5621
7695
3591
3118
713
4203
8643
4883
3696
5210
9479
347
9662
1798
2374
4352
1592
1067
351
2483
7645
4256
5882
879
3845
2272
1422
3901
4450
2426
2193
9334
7669
6934
3850
361
5369
4864
5778
6368
9077
3026
6634
8045
5598
892
9004
1221
1204
1475
2736
8666
6914
7586
4010
4799
4180
9619
109
2425
711
2421
3774
7279
8242
7522
2979
7152
6475
7665
4371
4920
7125
4237
9070
7548
1523
7130
5120
7044
6090
679
7523
5868
3720
8616
117
8175
6314
829
5221
3419
3321
272
73
7389
6704
3514
2225
9037
5964
7477
2074
8989
2336
3268
1198
1660
2857
2284
7761
3284
7384
6940
7688
928
2260
9477
2309
5413
5452
688
9972
8560
6751
7881
8223
3360
2181
2445
8842
868
1011
156
3500
3874
3638
1025
6184
8523
9528
984
1467
9883
5170
4507
3142
2677
7472
8936
5773
7436
8543
4366
8883
4593
9194
8458
7157
6617
702
7737
3392
8028
3501
2235
5362
6642
594
8011
1503
9799
6060
229
9336
3766
1668
8318
5970
5179
6325
4545
6945
6881
6273
9549
6647
6659
973
5231
6711
187
3935
6699
6882
8912
948
704
6342
3636
2772
8803
7088
7275
8248
5268
4827
7005
6255
7306
1783
3694
7276
4014
1811
9905
5898
7812
1683
4374
5567
3353
3293
8097
6800
5780
2058
1781
2075
1809
5525
8475
6151
8309
9240
2788
7165
7728
2799
9611
7561
469
6758
1778
2517
4247
6161
207
3687
9801
9719
5708
3926
3224
7975
1426
1101
2648
675
9605
759
9178
8205
6403
1622
8167
7232
4454
4130
7647
5093
1423
1644
4022
4881
7277
8081
9607
6785
5731
4988
3200
5193
2204
1264
6434
1022
8358
9935
5479
2241
2065
4888
8215
107
1258
5913
3216
3929
7942
7240
1948
2341
9264
2904
6004
8964
5816
2936
4170
6364
4111
8953
2869
9445
4673
319
7115
2815
8127
7299
1440
6781
190
8783
1784
8324
3642
5765
3331
4622
3865
4865
407
8904
5587
5431
9666
8115
2178
9348
5527
197
3160
5901
6198
6905
1616
8117
5902
7252
6976
3658
9212
7529
7822
6825
3508
4525
775
971
5345
2819
9888
3052
2666
144
9725
891
6143
9580
4657
933
666
6926
1852
6931
2943
9066
510
8626
9425
8844
3949
7268
8024
2757
2813
1840
8001
5789
1425
1054
682
5277
4780
2469
1437
2238
341
2335
4074
5897
179
3412
7689
7686
7595
3724
4018
9468
8977
7791
9151
6452
2006
7129
8517
9958
2430
7913
9285
4174
1183
2015
5526
6584
2282
5580
9351
8731
4749
6071
1227
5407
8449
1956
8937
1974
902
1238
942
5997
1233
9089
5381
1261
6343
5378
1928
2322
6449
6386
3577
5640
3425
6375
3337
8676
6537
7161
7635
4034
562
1380
5707
4084
1250
5933
2774
6702
1055
7974
4304
96
448
8241
9124
9249
7671
8328
827
1219
8952
7658
4299
2820
4158
9885
2490
3380
676
3249
8582
4693
8609
8084
8592
1599
7223
3749
255
1186
4055
8569
5606
8356
5280
2655
1392
6270
3097
5096
6504
1194
4085
2728
9133
1569
9751
4513
6514
1046
2221
4359
2299
205
2671
5821
5071
7574
3571
9785
5667
278
3414
910
9198
476
7113
3076
3811
3931
6917
9325
1492
3837
1598
1257
8182
6492
1362
4301
1805
7089
8710
9199
1702
4381
3148
6202
5123
5191
7584
8420
1102
5705
4139
6746
4302
5014
4721
687
2287
7307
5307
2177
6115
4620
907
8531
3903
5622
9767
1917
460
3829
9590
857
9104
2882
2762
7051
553
7323
8623
1185
4432
2656
3968
7440
8661
5785
4481
2541
825
1436
7555
5387
3866
2036
2807
3042
2404
4492
1920
7882
3698
1728
2520
3503
6695
1908
5447
3822
603
7478
7518
5618
6331
9560
2711
7496
8697
9065
4389
7191
7800
276
1383
5611
8537
5884
9145
305
5921
1153
9372
7229
8131
9538
6322
961
9913
5972
7085
6570
4232
9169
5875
6643
5404
8289
2612
1701
6062
1614
881
5761
843
3710
5432
9210
749
1427
398
8753
397
5560
8863
8317
7617
7491
9307
2515
3872
7338
9478
9469
1262
740
3956
3802
7027
4468
1629
861
9595
767
2551
7209
8867
2794
2125
1824
9225
3221
5383
5703
2741
999
387
4173
4856
1301
2778
3443
3021
1116
7507
6416
1564
5820
1889
9082
3594
5529
3283
192
4425
3215
624
5967
447
3482
6453
3603
1029
4503
9802
8799
2307
9817
7103
6725
8447
2755
2340
78
4098
5426
4418
3445
9044
9327
7541
8369
7163
1434
6058
7939
569
3592
7127
9286
5152
4926
542
1484
644
8515
259
3680
5520
5524
1447
1195
9191
6366
4751
4456
2195
7216
185
6482
7903
765
3440
7726
5599
3797
7543
3976
1403
2562
5166
4046
5139
3205
5419
9701
3466
8308
7992
2086
6558
706
1187
9315
9414
6536
3098
810
6251
6977
8408
4909
4635
6303
3697
1390
195
2925
8830
6569
4210
8903
689
9618
3566
4696
8063
4869
2142
7324
5568
1663
6389
8538
2721
774
9665
876
3017
7915
8126
5328
7790
6282
4131
1505
7410
8244
3957
916
4608
6100
4599
2659
1820
641
2351
1716
4416
6802
3164
3433
6686
3000
8969
8589
2088
3126
1229
8219
5931
5310
932
9745
9928
3586
7639
9394
5045
7777
502
8174
2157
8864
714
4573
9248
6564
6835
3460
135
4867
6139
1758
9117
6109
3556
2577
6604
1491
1891
203
5052
9713
9783
238
3515
989
8258
1961
1613
8414
4490
558
5663
4672
5257
6155
25
5853
5103
9969
7202
3912
809
6872
4811
8627
4800
9954
7249
8433
4677
3984
3362
4383
2964
3057
3634
4071
8922
6450
3388
5766
9915
4491
3225
745
2735
6207
5745
8321
2239
1226
3953
2084
9449
8103
6199
3292
4727
1649
29
783
8512
723
5518
731
8202
8470
2055
7508
5083
5336
3524
4576
5002
368
7959
4701
6857
9808
1017
4578
7503
9228
6239
9671
9183
4033
2151
8434
3876
3917
1154
9206
48
6190
9122
2477
655
5405
442
2962
8108
4406
882
6374
7546
5613
3971
1369
4208
8473
8572
3572
5837
3354
4037
2861
8350
7687
2859
7653
9153
4868
3302
3920
9796
8156
7730
8963
2306
6048
6228
1474
2485
8793
8785
1978
8566
7366
5657
2176
5145
3736
7490
188
1201
9664
6575
7097
8254
8057
4934
1829
4790
3511
1123
2624
9813
4733
7057
7238
8129
2847
4892
3364
6177
6441
4205
9161
1872
1799
4464
6904
7298
3291
3816
1766
7017
8798
7593
6829
6505
3088
6043
5353
6085
1998
3280
306
2257
8165
7495
8500
3650
9446
8457
7039
4646
1074
94
2533
4532
8529
3854
8788
527
2865
3677
7045
1265
8737
5217
4294
976
7300
3340
3406
2632
9195
6755
1343
6794
2896
4829
2880
9010
1318
1740
5845
9252
5068
6164
1813
674
540
6407
4298
1834
5910
4552
678
2641
3410
7480
425
3754
7852
2548
5244
254
6967
7207
6875
7213
746
7016
5697
1833
424
5583
9827
2848
9387
1771
1709
3332
1349
4428
466
5918
5374
7318
4289
9492
8189
9977
7387
8909
8168
1873
7655
3091
5458
9238
8185
7108
2825
632
1551
3738
7922
5441
7701
3235
1513
6445
8828
226
2090
4614
6433
6791
3543
8775
9650
653
7136
5199
8102
5994
3214
9309
5207
8632
9163
2023
8766
1295
8898
3899
5512
9141
2488
1350
5594
3841
134
5600
9308
313
4028
7765
8340
7133
2593
4520
3432
8226
3178
4489
9114
4555
2556
216
3481
138
8460
4177
7880
513
3145
8218
4815
4459
1658
4621
5129
1353
7902
5701
1115
8347
7227
7417
6696
1324
573
5679
233
8481
7058
4433
9299
4437
9268
7627
9034
6073
3558
7459
9981
5230
9738
1626
8994
2434
717
7128
935
1164
5461
7489
5500
7988
5805
8956
9838
372
9720
7966
4335
6960
6716
80
8296
6076
4329
7677
8236
3400
6000
2032
4834
1563
6630
1761
3232
2233
5415
3188
7168
5409
7071
480
468
4991
6790
4327
7591
2102
8287
1317
4674
6851
8559
7599
9622
8603
1881
8579
5038
4824
4860
7374
4066
1147
7663
5229
5502
377
4216
2070
4000
7621
414
8736
208
7081
57
1005
3439
5674
6354
2573
2582
5996
8300
1124
2995
9039
4531
9330
1305
4114
1607
6796
3955
420
4965
1674
3804
8782
9708
5144
9370
5243
1910
6868
7964
2831
9040
5806
664
1047
3469
6068
5523
8818
5360
6958
1001
432
2912
3025
2062
1032
1921
7484
7068
941
2269
8541
8018
8725
7443
9261
8012
1930
434
41
227
6361
4094
4683
621
8807
6182
1370
4118
3424
3518
3177
8780
755
2401
6046
6017
9071
1327
7715
9809
8732
683
4495
9566
1296
2464
1432
545
4043
1044
6799
9555
5617
2598
1931
8184
8364
148
8652
5284
7396
8109
9850
3921
1260
6376
9780
8902
1202
9654
7197
6236
8958
4421
2082
7813
2328
9463
5136
7047
4743
988
9967
9987
2126
888
2130
6831
9455
938
3166
7878
812
9375
4151
832
4876
7072
7683
6167
5889
3417
5273
82
6572
9678
3639
6162
7742
3900
8750
4060
963
4642
7849
4925
7253
3782
7619
6997
4786
3604
2061
9870
8654
7050
9028
4904
9689
9529
8048
2708
5742
6719
7296
2394
9596
4336
4784
2931
8506
4921
7889
980
419
4767
7910
1297
5958
3454
4169
4761
3487
1481
4560
3989
7979
5629
9681
4706
1775
6119
3012
1791
1903
5530
9655
9013
2183
9609
628
2890
1870
4315
3944
2524
698
8412
7357
5190
5311
8074
6145
2862
8522
6063
7204
2601
6846
3959
7962
19
2855
5494
4702
6055
421
7649
7372
9376
183
6897
1271
3072
6975
2787
342
1836
6107
7315
5828
3910
6237
4595
9215
4213
5553
5725
1665
6879
2639
718
1757
6535
2975
6369
5344
696
2321
8698
4323
3870
1122
5794
8023
8746
9433
7124
8087
8151
2816
1357
7109
8467
5850
5428
2930
1386
3312
8722
9661
5305
7589
5673
1307
7987
5993
6653
3803
6871
5143
4239